{
 "chain_iptm": [
  0.31,
  0.3,
  0.3,
  0.22,
  0.22,
  0.22
 ],
 "chain_pair_iptm": [
  [
   0.84,
   0.56,
   0.55,
   0.14,
   0.14,
   0.14
  ],
  [
   0.56,
   0.84,
   0.54,
   0.14,
   0.14,
   0.14
  ],
  [
   0.55,
   0.54,
   0.84,
   0.14,
   0.14,
   0.14
  ],
  [
   0.14,
   0.14,
   0.14,
   0.34,
   0.34,
   0.33
  ],
  [
   0.14,
   0.14,
   0.14,
   0.34,
   0.33,
   0.33
  ],
  [
   0.14,
   0.14,
   0.14,
   0.33,
   0.33,
   0.33
  ]
 ],
 "chain_pair_pae_min": [
  [
   0.76,
   4.91,
   5.87,
   29.19,
   29.08,
   29.24
  ],
  [
   4.24,
   0.76,
   5.27,
   29.4,
   28.65,
   29.03
  ],
  [
   5.88,
   5.24,
   0.76,
   29.06,
   28.99,
   28.85
  ],
  [
   29.74,
   30.0,
   30.24,
   0.76,
   3.25,
   3.25
  ],
  [
   30.04,
   30.36,
   30.49,
   3.5,
   0.76,
   3.21
  ],
  [
   30.15,
   30.29,
   30.46,
   3.01,
   3.31,
   0.76
  ]
 ],
 "chain_ptm": [
  0.84,
  0.84,
  0.84,
  0.34,
  0.33,
  0.33
 ],
 "fraction_disordered": 0.31,
 "has_clash": 0.0,
 "iptm": 0.36,
 "num_recycles": 10.0,
 "ptm": 0.39,
 "ranking_score": 0.53
}