{
 "chain_iptm": [
  0.3,
  0.31,
  0.3,
  0.21,
  0.21,
  0.21
 ],
 "chain_pair_iptm": [
  [
   0.85,
   0.57,
   0.54,
   0.14,
   0.14,
   0.14
  ],
  [
   0.57,
   0.85,
   0.55,
   0.14,
   0.14,
   0.14
  ],
  [
   0.54,
   0.55,
   0.85,
   0.14,
   0.14,
   0.14
  ],
  [
   0.14,
   0.14,
   0.14,
   0.3,
   0.33,
   0.32
  ],
  [
   0.14,
   0.14,
   0.14,
   0.33,
   0.31,
   0.32
  ],
  [
   0.14,
   0.14,
   0.14,
   0.32,
   0.32,
   0.31
  ]
 ],
 "chain_pair_pae_min": [
  [
   0.76,
   4.66,
   5.89,
   30.13,
   29.88,
   29.96
  ],
  [
   4.53,
   0.76,
   5.4,
   29.44,
   29.91,
   29.3
  ],
  [
   5.93,
   5.42,
   0.76,
   29.67,
   29.84,
   30.22
  ],
  [
   30.65,
   30.7,
   30.96,
   0.76,
   2.71,
   3.05
  ],
  [
   30.61,
   30.67,
   30.86,
   3.02,
   0.76,
   2.8
  ],
  [
   30.67,
   30.63,
   30.87,
   2.67,
   3.24,
   0.76
  ]
 ],
 "chain_ptm": [
  0.85,
  0.85,
  0.85,
  0.3,
  0.31,
  0.31
 ],
 "fraction_disordered": 0.33,
 "has_clash": 0.0,
 "iptm": 0.36,
 "num_recycles": 10.0,
 "ptm": 0.39,
 "ranking_score": 0.53
}