{
 "chain_iptm": [
  0.31,
  0.31,
  0.3,
  0.22,
  0.22,
  0.21
 ],
 "chain_pair_iptm": [
  [
   0.85,
   0.56,
   0.55,
   0.14,
   0.14,
   0.14
  ],
  [
   0.56,
   0.85,
   0.56,
   0.14,
   0.14,
   0.14
  ],
  [
   0.55,
   0.56,
   0.85,
   0.14,
   0.14,
   0.14
  ],
  [
   0.14,
   0.14,
   0.14,
   0.32,
   0.33,
   0.32
  ],
  [
   0.14,
   0.14,
   0.14,
   0.33,
   0.33,
   0.33
  ],
  [
   0.14,
   0.14,
   0.14,
   0.32,
   0.33,
   0.32
  ]
 ],
 "chain_pair_pae_min": [
  [
   0.76,
   4.67,
   6.09,
   29.38,
   29.1,
   29.29
  ],
  [
   4.44,
   0.76,
   5.12,
   28.78,
   28.93,
   29.17
  ],
  [
   5.75,
   5.36,
   0.76,
   29.02,
   28.77,
   29.44
  ],
  [
   29.64,
   29.63,
   29.55,
   0.76,
   3.34,
   3.68
  ],
  [
   29.83,
   29.82,
   29.68,
   3.38,
   0.76,
   3.53
  ],
  [
   30.01,
   29.93,
   29.33,
   3.78,
   3.63,
   0.76
  ]
 ],
 "chain_ptm": [
  0.85,
  0.85,
  0.85,
  0.32,
  0.33,
  0.32
 ],
 "fraction_disordered": 0.32,
 "has_clash": 0.0,
 "iptm": 0.36,
 "num_recycles": 10.0,
 "ptm": 0.39,
 "ranking_score": 0.52
}