{
 "chain_iptm": [
  0.3,
  0.31,
  0.3,
  0.22,
  0.22,
  0.22
 ],
 "chain_pair_iptm": [
  [
   0.85,
   0.57,
   0.54,
   0.14,
   0.14,
   0.14
  ],
  [
   0.57,
   0.85,
   0.55,
   0.14,
   0.14,
   0.14
  ],
  [
   0.54,
   0.55,
   0.85,
   0.14,
   0.14,
   0.14
  ],
  [
   0.14,
   0.14,
   0.14,
   0.33,
   0.35,
   0.34
  ],
  [
   0.14,
   0.14,
   0.14,
   0.35,
   0.33,
   0.34
  ],
  [
   0.14,
   0.14,
   0.14,
   0.34,
   0.34,
   0.33
  ]
 ],
 "chain_pair_pae_min": [
  [
   0.76,
   4.63,
   6.07,
   29.54,
   29.38,
   29.54
  ],
  [
   4.8,
   0.76,
   5.53,
   29.41,
   29.47,
   29.44
  ],
  [
   6.03,
   5.12,
   0.76,
   29.64,
   29.35,
   29.58
  ],
  [
   30.19,
   30.32,
   30.2,
   0.76,
   3.2,
   3.65
  ],
  [
   30.2,
   30.39,
   30.35,
   3.2,
   0.76,
   3.58
  ],
  [
   30.06,
   30.22,
   30.24,
   3.22,
   3.25,
   0.76
  ]
 ],
 "chain_ptm": [
  0.85,
  0.85,
  0.85,
  0.33,
  0.33,
  0.33
 ],
 "fraction_disordered": 0.3,
 "has_clash": 0.0,
 "iptm": 0.37,
 "num_recycles": 10.0,
 "ptm": 0.39,
 "ranking_score": 0.52
}