{
 "chain_iptm": [
  0.3,
  0.3,
  0.3,
  0.23,
  0.23,
  0.23
 ],
 "chain_pair_iptm": [
  [
   0.85,
   0.57,
   0.54,
   0.13,
   0.13,
   0.13
  ],
  [
   0.57,
   0.85,
   0.54,
   0.13,
   0.13,
   0.13
  ],
  [
   0.54,
   0.54,
   0.85,
   0.13,
   0.13,
   0.13
  ],
  [
   0.13,
   0.13,
   0.13,
   0.35,
   0.37,
   0.37
  ],
  [
   0.13,
   0.13,
   0.13,
   0.37,
   0.35,
   0.37
  ],
  [
   0.13,
   0.13,
   0.13,
   0.37,
   0.37,
   0.35
  ]
 ],
 "chain_pair_pae_min": [
  [
   0.76,
   5.28,
   5.97,
   30.17,
   30.1,
   30.48
  ],
  [
   4.81,
   0.76,
   5.62,
   29.99,
   30.08,
   30.11
  ],
  [
   5.91,
   5.46,
   0.76,
   29.96,
   30.29,
   30.32
  ],
  [
   30.25,
   30.49,
   30.4,
   0.76,
   2.75,
   3.11
  ],
  [
   30.29,
   30.33,
   30.11,
   2.9,
   0.76,
   2.82
  ],
  [
   30.19,
   30.34,
   30.36,
   2.73,
   3.11,
   0.76
  ]
 ],
 "chain_ptm": [
  0.85,
  0.85,
  0.85,
  0.35,
  0.35,
  0.35
 ],
 "fraction_disordered": 0.34,
 "has_clash": 0.0,
 "iptm": 0.38,
 "num_recycles": 10.0,
 "ptm": 0.41,
 "ranking_score": 0.55
}