{
 "chain_iptm": [
  0.31,
  0.31,
  0.31,
  0.21,
  0.21,
  0.21
 ],
 "chain_pair_iptm": [
  [
   0.84,
   0.57,
   0.54,
   0.14,
   0.14,
   0.14
  ],
  [
   0.57,
   0.84,
   0.57,
   0.14,
   0.14,
   0.14
  ],
  [
   0.54,
   0.57,
   0.85,
   0.14,
   0.14,
   0.14
  ],
  [
   0.14,
   0.14,
   0.14,
   0.3,
   0.31,
   0.3
  ],
  [
   0.14,
   0.14,
   0.14,
   0.31,
   0.3,
   0.3
  ],
  [
   0.14,
   0.14,
   0.14,
   0.3,
   0.3,
   0.3
  ]
 ],
 "chain_pair_pae_min": [
  [
   0.76,
   4.71,
   5.89,
   29.08,
   28.92,
   29.34
  ],
  [
   4.65,
   0.76,
   5.27,
   28.99,
   28.92,
   28.97
  ],
  [
   5.81,
   5.44,
   0.76,
   29.1,
   29.16,
   28.88
  ],
  [
   29.83,
   29.84,
   29.96,
   0.76,
   2.86,
   3.56
  ],
  [
   29.66,
   29.73,
   29.91,
   3.15,
   0.76,
   2.77
  ],
  [
   30.1,
   29.81,
   29.9,
   2.94,
   3.11,
   0.76
  ]
 ],
 "chain_ptm": [
  0.84,
  0.84,
  0.85,
  0.3,
  0.3,
  0.3
 ],
 "fraction_disordered": 0.33,
 "has_clash": 0.0,
 "iptm": 0.35,
 "num_recycles": 10.0,
 "ptm": 0.39,
 "ranking_score": 0.52
}