{
 "chain_iptm": [
  0.3,
  0.31,
  0.3,
  0.21,
  0.21,
  0.21
 ],
 "chain_pair_iptm": [
  [
   0.85,
   0.57,
   0.53,
   0.14,
   0.14,
   0.14
  ],
  [
   0.57,
   0.85,
   0.55,
   0.14,
   0.14,
   0.14
  ],
  [
   0.53,
   0.55,
   0.85,
   0.14,
   0.14,
   0.14
  ],
  [
   0.14,
   0.14,
   0.14,
   0.32,
   0.33,
   0.33
  ],
  [
   0.14,
   0.14,
   0.14,
   0.33,
   0.32,
   0.33
  ],
  [
   0.14,
   0.14,
   0.14,
   0.33,
   0.33,
   0.33
  ]
 ],
 "chain_pair_pae_min": [
  [
   0.76,
   4.52,
   6.1,
   29.96,
   29.29,
   29.6
  ],
  [
   4.39,
   0.76,
   5.15,
   29.77,
   29.54,
   29.19
  ],
  [
   5.73,
   5.27,
   0.76,
   29.45,
   29.57,
   29.58
  ],
  [
   30.16,
   30.57,
   30.8,
   0.76,
   3.02,
   3.29
  ],
  [
   30.07,
   30.52,
   30.72,
   3.25,
   0.76,
   2.67
  ],
  [
   30.17,
   30.53,
   30.67,
   2.83,
   3.25,
   0.76
  ]
 ],
 "chain_ptm": [
  0.85,
  0.85,
  0.85,
  0.32,
  0.32,
  0.33
 ],
 "fraction_disordered": 0.34,
 "has_clash": 0.0,
 "iptm": 0.36,
 "num_recycles": 10.0,
 "ptm": 0.38,
 "ranking_score": 0.53
}