{
 "chain_iptm": [
  0.3,
  0.3,
  0.29,
  0.2,
  0.2,
  0.2
 ],
 "chain_pair_iptm": [
  [
   0.85,
   0.57,
   0.52,
   0.13,
   0.13,
   0.13
  ],
  [
   0.57,
   0.85,
   0.56,
   0.13,
   0.13,
   0.13
  ],
  [
   0.52,
   0.56,
   0.85,
   0.13,
   0.13,
   0.13
  ],
  [
   0.13,
   0.13,
   0.13,
   0.29,
   0.3,
   0.29
  ],
  [
   0.13,
   0.13,
   0.13,
   0.3,
   0.3,
   0.3
  ],
  [
   0.13,
   0.13,
   0.13,
   0.29,
   0.3,
   0.3
  ]
 ],
 "chain_pair_pae_min": [
  [
   0.76,
   4.73,
   5.95,
   29.79,
   29.75,
   29.69
  ],
  [
   4.53,
   0.76,
   5.31,
   28.98,
   29.93,
   29.44
  ],
  [
   5.87,
   5.34,
   0.76,
   29.71,
   29.73,
   29.97
  ],
  [
   30.87,
   30.97,
   30.9,
   0.76,
   3.57,
   3.75
  ],
  [
   30.93,
   30.93,
   30.87,
   3.71,
   0.76,
   3.81
  ],
  [
   30.97,
   30.95,
   30.98,
   3.73,
   3.56,
   0.76
  ]
 ],
 "chain_ptm": [
  0.85,
  0.85,
  0.85,
  0.29,
  0.3,
  0.3
 ],
 "fraction_disordered": 0.34,
 "has_clash": 0.0,
 "iptm": 0.34,
 "num_recycles": 10.0,
 "ptm": 0.38,
 "ranking_score": 0.52
}