{
 "chain_iptm": [
  0.3,
  0.31,
  0.3,
  0.2,
  0.21,
  0.2
 ],
 "chain_pair_iptm": [
  [
   0.85,
   0.57,
   0.54,
   0.13,
   0.13,
   0.13
  ],
  [
   0.57,
   0.85,
   0.55,
   0.13,
   0.13,
   0.14
  ],
  [
   0.54,
   0.55,
   0.85,
   0.13,
   0.13,
   0.13
  ],
  [
   0.13,
   0.13,
   0.13,
   0.31,
   0.31,
   0.3
  ],
  [
   0.13,
   0.13,
   0.13,
   0.31,
   0.31,
   0.31
  ],
  [
   0.13,
   0.14,
   0.13,
   0.3,
   0.31,
   0.31
  ]
 ],
 "chain_pair_pae_min": [
  [
   0.76,
   4.52,
   5.89,
   29.84,
   29.65,
   29.41
  ],
  [
   4.57,
   0.76,
   5.14,
   29.09,
   29.4,
   29.15
  ],
  [
   5.52,
   5.26,
   0.76,
   29.7,
   29.2,
   29.66
  ],
  [
   30.66,
   30.73,
   30.86,
   0.76,
   2.67,
   3.02
  ],
  [
   30.62,
   30.62,
   30.88,
   2.98,
   0.76,
   2.73
  ],
  [
   30.7,
   30.62,
   30.72,
   2.9,
   2.82,
   0.76
  ]
 ],
 "chain_ptm": [
  0.85,
  0.85,
  0.85,
  0.31,
  0.31,
  0.31
 ],
 "fraction_disordered": 0.36,
 "has_clash": 0.0,
 "iptm": 0.34,
 "num_recycles": 10.0,
 "ptm": 0.39,
 "ranking_score": 0.53
}