{
 "chain_iptm": [
  0.34,
  0.34,
  0.34,
  0.18,
  0.18,
  0.18
 ],
 "chain_pair_iptm": [
  [
   0.83,
   0.64,
   0.63,
   0.14,
   0.14,
   0.14
  ],
  [
   0.64,
   0.83,
   0.64,
   0.13,
   0.13,
   0.13
  ],
  [
   0.63,
   0.64,
   0.83,
   0.14,
   0.14,
   0.13
  ],
  [
   0.14,
   0.13,
   0.14,
   0.4,
   0.25,
   0.24
  ],
  [
   0.14,
   0.13,
   0.14,
   0.25,
   0.4,
   0.24
  ],
  [
   0.14,
   0.13,
   0.13,
   0.24,
   0.24,
   0.4
  ]
 ],
 "chain_pair_pae_min": [
  [
   0.76,
   3.76,
   4.19,
   30.95,
   30.67,
   30.9
  ],
  [
   3.65,
   0.76,
   3.99,
   30.69,
   30.66,
   30.74
  ],
  [
   4.35,
   3.8,
   0.76,
   30.74,
   30.77,
   30.77
  ],
  [
   31.08,
   31.05,
   30.88,
   0.76,
   3.39,
   3.81
  ],
  [
   30.96,
   31.05,
   30.89,
   3.3,
   0.76,
   3.27
  ],
  [
   31.06,
   30.94,
   30.96,
   3.6,
   3.57,
   0.76
  ]
 ],
 "chain_ptm": [
  0.83,
  0.83,
  0.83,
  0.4,
  0.4,
  0.4
 ],
 "fraction_disordered": 0.12,
 "has_clash": 0.0,
 "iptm": 0.37,
 "num_recycles": 10.0,
 "ptm": 0.42,
 "ranking_score": 0.44
}