{
 "chain_iptm": [
  0.36,
  0.36,
  0.36,
  0.22,
  0.22,
  0.21
 ],
 "chain_pair_iptm": [
  [
   0.83,
   0.66,
   0.63,
   0.18,
   0.16,
   0.15
  ],
  [
   0.66,
   0.83,
   0.66,
   0.15,
   0.17,
   0.16
  ],
  [
   0.63,
   0.66,
   0.84,
   0.16,
   0.15,
   0.17
  ],
  [
   0.18,
   0.15,
   0.16,
   0.44,
   0.3,
   0.29
  ],
  [
   0.16,
   0.17,
   0.15,
   0.3,
   0.44,
   0.29
  ],
  [
   0.15,
   0.16,
   0.17,
   0.29,
   0.29,
   0.44
  ]
 ],
 "chain_pair_pae_min": [
  [
   0.76,
   3.79,
   4.41,
   22.44,
   22.45,
   21.99
  ],
  [
   3.7,
   0.76,
   3.91,
   21.04,
   22.85,
   22.8
  ],
  [
   4.21,
   3.93,
   0.76,
   21.62,
   21.45,
   23.36
  ],
  [
   22.44,
   23.4,
   24.21,
   0.76,
   4.94,
   5.82
  ],
  [
   24.35,
   22.87,
   23.22,
   5.63,
   0.76,
   5.55
  ],
  [
   23.41,
   24.62,
   22.57,
   5.83,
   5.67,
   0.76
  ]
 ],
 "chain_ptm": [
  0.83,
  0.83,
  0.84,
  0.44,
  0.44,
  0.44
 ],
 "fraction_disordered": 0.07,
 "has_clash": 0.0,
 "iptm": 0.38,
 "num_recycles": 10.0,
 "ptm": 0.43,
 "ranking_score": 0.42
}