{
 "chain_iptm": [
  0.43,
  0.43,
  0.43,
  0.27,
  0.25,
  0.25
 ],
 "chain_pair_iptm": [
  [
   0.82,
   0.67,
   0.66,
   0.3,
   0.25,
   0.28
  ],
  [
   0.67,
   0.82,
   0.67,
   0.27,
   0.27,
   0.27
  ],
  [
   0.66,
   0.67,
   0.82,
   0.3,
   0.27,
   0.26
  ],
  [
   0.3,
   0.27,
   0.3,
   0.39,
   0.23,
   0.22
  ],
  [
   0.25,
   0.27,
   0.27,
   0.23,
   0.4,
   0.23
  ],
  [
   0.28,
   0.27,
   0.26,
   0.22,
   0.23,
   0.4
  ]
 ],
 "chain_pair_pae_min": [
  [
   0.76,
   3.57,
   4.23,
   13.29,
   14.28,
   13.68
  ],
  [
   3.87,
   0.76,
   3.75,
   14.08,
   13.66,
   13.87
  ],
  [
   3.86,
   3.88,
   0.76,
   13.21,
   13.49,
   14.05
  ],
  [
   16.34,
   17.44,
   15.8,
   0.76,
   4.04,
   4.12
  ],
  [
   18.38,
   16.92,
   18.25,
   3.84,
   0.76,
   4.14
  ],
  [
   17.22,
   18.24,
   17.77,
   5.17,
   4.05,
   0.76
  ]
 ],
 "chain_ptm": [
  0.82,
  0.82,
  0.82,
  0.39,
  0.4,
  0.4
 ],
 "fraction_disordered": 0.12,
 "has_clash": 0.0,
 "iptm": 0.4,
 "num_recycles": 10.0,
 "ptm": 0.45,
 "ranking_score": 0.47
}