{
 "chain_iptm": [
  0.31,
  0.31,
  0.3,
  0.22,
  0.23,
  0.22
 ],
 "chain_pair_iptm": [
  [
   0.85,
   0.6,
   0.55,
   0.13,
   0.13,
   0.13
  ],
  [
   0.6,
   0.85,
   0.57,
   0.13,
   0.13,
   0.13
  ],
  [
   0.55,
   0.57,
   0.85,
   0.13,
   0.13,
   0.13
  ],
  [
   0.13,
   0.13,
   0.13,
   0.36,
   0.37,
   0.36
  ],
  [
   0.13,
   0.13,
   0.13,
   0.37,
   0.36,
   0.36
  ],
  [
   0.13,
   0.13,
   0.13,
   0.36,
   0.36,
   0.35
  ]
 ],
 "chain_pair_pae_min": [
  [
   0.76,
   4.45,
   5.36,
   28.62,
   28.32,
   27.65
  ],
  [
   4.43,
   0.76,
   5.01,
   28.26,
   28.55,
   28.49
  ],
  [
   5.16,
   4.97,
   0.76,
   28.35,
   27.4,
   28.18
  ],
  [
   30.67,
   30.61,
   30.73,
   0.76,
   2.92,
   3.49
  ],
  [
   30.73,
   30.64,
   30.62,
   3.19,
   0.76,
   3.37
  ],
  [
   30.86,
   30.57,
   30.8,
   3.4,
   3.0,
   0.76
  ]
 ],
 "chain_ptm": [
  0.85,
  0.85,
  0.85,
  0.36,
  0.36,
  0.35
 ],
 "fraction_disordered": 0.29,
 "has_clash": 0.0,
 "iptm": 0.37,
 "num_recycles": 10.0,
 "ptm": 0.4,
 "ranking_score": 0.52
}