{
 "chain_iptm": [
  0.3,
  0.3,
  0.3,
  0.21,
  0.21,
  0.21
 ],
 "chain_pair_iptm": [
  [
   0.85,
   0.57,
   0.55,
   0.13,
   0.13,
   0.13
  ],
  [
   0.57,
   0.85,
   0.55,
   0.13,
   0.13,
   0.13
  ],
  [
   0.55,
   0.55,
   0.85,
   0.13,
   0.13,
   0.13
  ],
  [
   0.13,
   0.13,
   0.13,
   0.33,
   0.32,
   0.32
  ],
  [
   0.13,
   0.13,
   0.13,
   0.32,
   0.33,
   0.32
  ],
  [
   0.13,
   0.13,
   0.13,
   0.32,
   0.32,
   0.33
  ]
 ],
 "chain_pair_pae_min": [
  [
   0.76,
   4.54,
   5.72,
   27.57,
   28.09,
   26.28
  ],
  [
   4.47,
   0.76,
   5.03,
   26.03,
   27.76,
   26.71
  ],
  [
   5.68,
   5.12,
   0.76,
   27.37,
   26.84,
   27.56
  ],
  [
   30.8,
   30.97,
   30.88,
   0.76,
   3.72,
   3.63
  ],
  [
   30.84,
   30.93,
   30.86,
   3.21,
   0.76,
   3.73
  ],
  [
   30.82,
   30.91,
   30.8,
   4.1,
   3.38,
   0.76
  ]
 ],
 "chain_ptm": [
  0.85,
  0.85,
  0.85,
  0.33,
  0.33,
  0.33
 ],
 "fraction_disordered": 0.32,
 "has_clash": 1.0,
 "iptm": 0.35,
 "num_recycles": 10.0,
 "ptm": 0.39,
 "ranking_score": -99.49
}