{
 "chain_iptm": [
  0.34,
  0.34,
  0.34,
  0.19,
  0.19,
  0.19
 ],
 "chain_pair_iptm": [
  [
   0.83,
   0.64,
   0.63,
   0.14,
   0.14,
   0.14
  ],
  [
   0.64,
   0.83,
   0.64,
   0.14,
   0.14,
   0.14
  ],
  [
   0.63,
   0.64,
   0.83,
   0.14,
   0.14,
   0.14
  ],
  [
   0.14,
   0.14,
   0.14,
   0.39,
   0.26,
   0.25
  ],
  [
   0.14,
   0.14,
   0.14,
   0.26,
   0.39,
   0.26
  ],
  [
   0.14,
   0.14,
   0.14,
   0.25,
   0.26,
   0.39
  ]
 ],
 "chain_pair_pae_min": [
  [
   0.76,
   3.89,
   4.15,
   28.6,
   28.56,
   28.64
  ],
  [
   3.55,
   0.76,
   4.11,
   28.21,
   28.18,
   28.24
  ],
  [
   4.41,
   3.76,
   0.76,
   27.9,
   28.02,
   28.19
  ],
  [
   29.06,
   29.84,
   29.73,
   0.76,
   3.77,
   4.28
  ],
  [
   29.76,
   29.43,
   29.61,
   4.12,
   0.76,
   3.73
  ],
  [
   29.4,
   29.5,
   29.92,
   3.99,
   4.11,
   0.76
  ]
 ],
 "chain_ptm": [
  0.83,
  0.83,
  0.83,
  0.39,
  0.39,
  0.39
 ],
 "fraction_disordered": 0.15,
 "has_clash": 0.0,
 "iptm": 0.37,
 "num_recycles": 10.0,
 "ptm": 0.42,
 "ranking_score": 0.46
}