{
 "chain_iptm": [
  0.37,
  0.37,
  0.37,
  0.21,
  0.2,
  0.2
 ],
 "chain_pair_iptm": [
  [
   0.83,
   0.66,
   0.65,
   0.19,
   0.17,
   0.18
  ],
  [
   0.66,
   0.83,
   0.66,
   0.19,
   0.19,
   0.17
  ],
  [
   0.65,
   0.66,
   0.83,
   0.17,
   0.18,
   0.18
  ],
  [
   0.19,
   0.19,
   0.17,
   0.39,
   0.24,
   0.24
  ],
  [
   0.17,
   0.19,
   0.18,
   0.24,
   0.39,
   0.24
  ],
  [
   0.18,
   0.17,
   0.18,
   0.24,
   0.24,
   0.39
  ]
 ],
 "chain_pair_pae_min": [
  [
   0.76,
   3.91,
   4.22,
   19.91,
   20.75,
   21.32
  ],
  [
   3.73,
   0.76,
   4.26,
   20.57,
   21.15,
   21.27
  ],
  [
   4.68,
   3.92,
   0.76,
   20.4,
   20.65,
   21.12
  ],
  [
   23.84,
   22.88,
   24.34,
   0.76,
   3.62,
   4.19
  ],
  [
   25.7,
   23.91,
   23.68,
   3.66,
   0.76,
   3.48
  ],
  [
   24.15,
   25.72,
   24.5,
   4.02,
   3.79,
   0.76
  ]
 ],
 "chain_ptm": [
  0.83,
  0.83,
  0.83,
  0.39,
  0.39,
  0.39
 ],
 "fraction_disordered": 0.22,
 "has_clash": 0.0,
 "iptm": 0.38,
 "num_recycles": 10.0,
 "ptm": 0.43,
 "ranking_score": 0.5
}