{
 "chain_iptm": [
  0.3,
  0.3,
  0.29,
  0.23,
  0.23,
  0.22
 ],
 "chain_pair_iptm": [
  [
   0.84,
   0.56,
   0.53,
   0.14,
   0.14,
   0.14
  ],
  [
   0.56,
   0.84,
   0.53,
   0.14,
   0.14,
   0.14
  ],
  [
   0.53,
   0.53,
   0.85,
   0.14,
   0.14,
   0.14
  ],
  [
   0.14,
   0.14,
   0.14,
   0.34,
   0.36,
   0.36
  ],
  [
   0.14,
   0.14,
   0.14,
   0.36,
   0.34,
   0.36
  ],
  [
   0.14,
   0.14,
   0.14,
   0.36,
   0.36,
   0.34
  ]
 ],
 "chain_pair_pae_min": [
  [
   0.76,
   4.68,
   6.27,
   29.09,
   29.08,
   29.7
  ],
  [
   4.52,
   0.76,
   5.39,
   28.88,
   29.07,
   29.9
  ],
  [
   5.95,
   5.26,
   0.76,
   28.54,
   29.24,
   30.23
  ],
  [
   30.36,
   30.51,
   30.71,
   0.76,
   2.96,
   3.09
  ],
  [
   30.5,
   30.47,
   30.49,
   2.84,
   0.76,
   2.83
  ],
  [
   30.64,
   30.58,
   30.55,
   3.04,
   3.08,
   0.76
  ]
 ],
 "chain_ptm": [
  0.84,
  0.84,
  0.85,
  0.34,
  0.34,
  0.34
 ],
 "fraction_disordered": 0.32,
 "has_clash": 0.0,
 "iptm": 0.38,
 "num_recycles": 10.0,
 "ptm": 0.4,
 "ranking_score": 0.54
}