{
 "chain_iptm": [
  0.3,
  0.3,
  0.3,
  0.22,
  0.22,
  0.22
 ],
 "chain_pair_iptm": [
  [
   0.85,
   0.56,
   0.55,
   0.14,
   0.14,
   0.14
  ],
  [
   0.56,
   0.84,
   0.55,
   0.14,
   0.14,
   0.14
  ],
  [
   0.55,
   0.55,
   0.85,
   0.14,
   0.14,
   0.14
  ],
  [
   0.14,
   0.14,
   0.14,
   0.32,
   0.34,
   0.33
  ],
  [
   0.14,
   0.14,
   0.14,
   0.34,
   0.32,
   0.33
  ],
  [
   0.14,
   0.14,
   0.14,
   0.33,
   0.33,
   0.32
  ]
 ],
 "chain_pair_pae_min": [
  [
   0.76,
   4.72,
   6.27,
   29.99,
   29.9,
   29.8
  ],
  [
   4.64,
   0.76,
   5.5,
   29.57,
   29.71,
   29.5
  ],
  [
   6.09,
   5.39,
   0.76,
   29.93,
   29.79,
   29.9
  ],
  [
   30.35,
   30.67,
   30.73,
   0.76,
   2.73,
   3.13
  ],
  [
   30.39,
   30.71,
   30.66,
   3.12,
   0.76,
   3.01
  ],
  [
   30.38,
   30.63,
   30.61,
   2.92,
   3.27,
   0.76
  ]
 ],
 "chain_ptm": [
  0.85,
  0.84,
  0.85,
  0.32,
  0.32,
  0.32
 ],
 "fraction_disordered": 0.33,
 "has_clash": 0.0,
 "iptm": 0.36,
 "num_recycles": 10.0,
 "ptm": 0.38,
 "ranking_score": 0.53
}