{
 "chain_iptm": [
  0.31,
  0.31,
  0.3,
  0.22,
  0.22,
  0.22
 ],
 "chain_pair_iptm": [
  [
   0.85,
   0.58,
   0.53,
   0.14,
   0.14,
   0.14
  ],
  [
   0.58,
   0.85,
   0.56,
   0.14,
   0.14,
   0.14
  ],
  [
   0.53,
   0.56,
   0.85,
   0.14,
   0.14,
   0.14
  ],
  [
   0.14,
   0.14,
   0.14,
   0.33,
   0.35,
   0.34
  ],
  [
   0.14,
   0.14,
   0.14,
   0.35,
   0.33,
   0.34
  ],
  [
   0.14,
   0.14,
   0.14,
   0.34,
   0.34,
   0.33
  ]
 ],
 "chain_pair_pae_min": [
  [
   0.76,
   4.27,
   5.77,
   28.13,
   28.76,
   27.6
  ],
  [
   4.37,
   0.76,
   4.8,
   28.35,
   28.53,
   28.43
  ],
  [
   5.58,
   4.94,
   0.76,
   28.38,
   27.63,
   26.8
  ],
  [
   29.7,
   29.97,
   30.18,
   0.76,
   3.16,
   2.8
  ],
  [
   29.61,
   29.75,
   29.85,
   2.94,
   0.76,
   3.26
  ],
  [
   29.83,
   30.15,
   30.0,
   2.91,
   2.98,
   0.76
  ]
 ],
 "chain_ptm": [
  0.85,
  0.85,
  0.85,
  0.33,
  0.33,
  0.33
 ],
 "fraction_disordered": 0.32,
 "has_clash": 0.0,
 "iptm": 0.37,
 "num_recycles": 10.0,
 "ptm": 0.39,
 "ranking_score": 0.53
}