{
 "chain_iptm": [
  0.3,
  0.3,
  0.3,
  0.21,
  0.21,
  0.21
 ],
 "chain_pair_iptm": [
  [
   0.85,
   0.55,
   0.53,
   0.13,
   0.13,
   0.13
  ],
  [
   0.55,
   0.85,
   0.55,
   0.13,
   0.13,
   0.13
  ],
  [
   0.53,
   0.55,
   0.85,
   0.13,
   0.13,
   0.13
  ],
  [
   0.13,
   0.13,
   0.13,
   0.33,
   0.33,
   0.32
  ],
  [
   0.13,
   0.13,
   0.13,
   0.33,
   0.33,
   0.32
  ],
  [
   0.13,
   0.13,
   0.13,
   0.32,
   0.32,
   0.32
  ]
 ],
 "chain_pair_pae_min": [
  [
   0.76,
   4.81,
   5.83,
   28.55,
   28.53,
   28.3
  ],
  [
   4.53,
   0.76,
   5.55,
   26.81,
   28.06,
   28.02
  ],
  [
   6.11,
   5.47,
   0.76,
   28.4,
   27.64,
   28.96
  ],
  [
   30.16,
   30.56,
   30.68,
   0.76,
   3.37,
   3.4
  ],
  [
   30.24,
   30.69,
   30.64,
   2.89,
   0.76,
   3.14
  ],
  [
   30.33,
   30.67,
   30.42,
   3.7,
   3.02,
   0.76
  ]
 ],
 "chain_ptm": [
  0.85,
  0.85,
  0.85,
  0.33,
  0.33,
  0.32
 ],
 "fraction_disordered": 0.31,
 "has_clash": 1.0,
 "iptm": 0.35,
 "num_recycles": 10.0,
 "ptm": 0.38,
 "ranking_score": -99.49
}